((("for" .
   [3 0 0])
  ("if" .
   [1 0])
  ("python" .
   [0 0 10 0 0 0])
  ("def" .
   [2 0 0])
  ("git" .
   [1 0 0])
  ("clone" .
   [1 0 0 0 0])
  ("repo" .
   [1 0 0 0])
  ("done" .
   [1 0 0 0])
  ("pymongo" .
   [0 0 1 0 0 0 0])
  ("from" .
   [1 0 0 0])
  ("import" .
   [1 0 0 0 0 0])
  ("conn" .
   [3 0 0 0])
  ("print" .
   [1 0 0 0 0])
  ("areas" .
   [2 0 0 0 0])
  ("/opt/ttwxenv/" .
   [0 0 0 0 0 0 0 1 0 0 0 0 0])
  ("/opt/ttwxenv/ttwx-dbcron/" .
   [0 0 0 0 0 0 0 0 0 0 0 0 0 0 0 0 0 0 0 0 1 0 0 0 0])
  ("DBCRON_DIR" .
   [0 0 1 0 0 0 0 0 0 0])
  ("FILE_DIR" .
   [0 0 0 1 0 0 0 0])
  ("mark_place" .
   [1 0 0 0 0 0 0 0 0 0])
  ("_mkplace" .
   [1 0 0 0 0 0 0 0])
  ("in" .
   [1 0])))
